{"mappings": [{"source": "body_world", "target": "body_world", "rest": [1.0, 0.0, 0.0, 0.0, 0.0, 1.0, 0.0, 0.0, 0.0, 0.0, 1.0, 0.0, 0.0, 0.0, 0.0, 1.0], "offset": [1.0, 0.0, 0.0, 0.0, 0.0, 1.0, 0.0, 0.0, 0.0, 0.0, 1.0, 0.0, 0.0, 0.0, 0.0, 1.0]}, {"source": "b_root", "target": "b_root", "rest": [1.0, 0.0, 0.0, 0.0, 0.0, -0.9054140448570251, 0.42452967166900635, 91.30000305175781, 0.0, -0.42452967166900635, -0.9054144620895386, 0.0, 0.0, 0.0, 0.0, 1.0], "offset": [1.0, 0.0, 0.0, 0.0, 0.0, 1.0, 0.0, 0.0, 0.0, 0.0, 1.0, 0.0, 0.0, 0.0, 0.0, 1.0]}, {"source": "b_spine0", "target": "b_spine0", "rest": [1.0, 3.772290181918466e-18, -3.7526868285815717e-19, -4.041334481182156e-16, -3.7722926634603036e-18, 0.9804023504257202, -0.19700561463832855, 93.8221664428711, -3.752474863549605e-19, 0.1970055103302002, 0.9804027676582336, -2.9203929901123047, 0.0, 0.0, 0.0, 1.0], "offset": [1.0, 0.0, 0.0, 0.0, 0.0, 1.0, 0.0, 0.0, 0.0, 0.0, 1.0, 0.0, 0.0, 0.0, 0.0, 1.0]}, {"source": "b_spine1", "target": "b_spine1", "rest": [1.0, -6.490968323020373e-17, -1.2858674823369525e-17, -3.6225423338183166e-16, 6.490967661275883e-17, 0.9244757890701294, 0.38124093413352966, 104.7063980102539, -1.2858707910594027e-17, -0.38124117255210876, 0.9244759678840637, -0.7332773208618164, 0.0, 0.0, 0.0, 1.0], "offset": [1.0, 0.0, 0.0, 0.0, 0.0, 1.0, 0.0, 0.0, 0.0, 0.0, 1.0, 0.0, 0.0, 0.0, 0.0, 1.0]}, {"source": "b_spine2", "target": "b_spine2", "rest": [1.0, -1.961220416944852e-17, 6.527116777533431e-20, -1.0904005478352746e-15, 1.961219424328117e-17, 0.9999778866767883, -0.0066557228565216064, 115.07701873779297, 6.52608280176774e-20, 0.006655573844909668, 0.9999781847000122, -5.009979724884033, 0.0, 0.0, 0.0, 1.0], "offset": [1.0, 0.0, 0.0, 0.0, 0.0, 1.0, 0.0, 0.0, 0.0, 0.0, 1.0, 0.0, 0.0, 0.0, 0.0, 1.0]}, {"source": "b_spine3", "target": "b_spine3", "rest": [1.0, 1.4566896756009113e-16, -5.0658727778287005e-17, -1.68059722361431e-15, -1.4566898079498093e-16, 0.7842147946357727, -0.6204895973205566, 133.4793243408203, -5.0658750939344156e-17, 0.6204896569252014, 0.7842150330543518, -6.786264896392822, 0.0, 0.0, 0.0, 1.0], "offset": [1.0, 0.0, 0.0, 0.0, 0.0, 1.0, 0.0, 0.0, 0.0, 0.0, 1.0, 0.0, 0.0, 0.0, 0.0, 1.0]}, {"source": "b_neck0", "target": "b_neck0", "rest": [1.0, 3.5936653262851924e-17, -8.515291701918936e-18, -1.5426678607910775e-15, -3.5936673115186625e-17, 0.8936766386032104, -0.448711633682251, 146.25411987304688, -8.515275158306685e-18, 0.4487115740776062, 0.8936769366264343, -3.48405122756958, 0.0, 0.0, 0.0, 1.0], "offset": [1.0, 0.0, 0.0, 0.0, 0.0, 1.0, 0.0, 0.0, 0.0, 0.0, 1.0, 0.0, 0.0, 0.0, 0.0, 1.0]}, {"source": "b_head", "target": "b_head", "rest": [0.9999973773956299, 0.00219554896466434, -0.0006148568354547024, -1.2875175025182039e-15, -0.0021955487318336964, 0.8545516729354858, -0.5193617939949036, 152.59922790527344, -0.000614857068285346, 0.5193617343902588, 0.8545545935630798, -0.29819726943969727, 0.0, 0.0, 0.0, 1.0], "offset": [1.0, 0.0, 0.0, 0.0, 0.0, 1.0, 0.0, 0.0, 0.0, 0.0, 1.0, 0.0, 0.0, 0.0, 0.0, 1.0]}, {"source": "b_r_shoulder", "target": "b_r_shoulder", "rest": [0.03944743797183037, -0.9515897631645203, -0.30482909083366394, -2.799999952316284, 0.951589822769165, -0.05728951841592789, 0.3019848167896271, 140.6632537841797, -0.30482935905456543, -0.30198484659194946, 0.9032634496688843, 2.300602436065674, 0.0, 0.0, 0.0, 1.0], "offset": [1.0, 0.0, 0.0, 0.0, 0.0, 1.0, 0.0, 0.0, 0.0, 0.0, 1.0, 0.0, 0.0, 0.0, 0.0, 1.0]}, {"source": "p_r_scap", "target": "p_r_scap", "rest": [0.28693801164627075, -0.08986425399780273, -0.9537249207496643, -18.855379104614258, 0.08986443281173706, -0.9886751174926758, 0.12019383907318115, 139.6966552734375, -0.9537253379821777, -0.12019422650337219, -0.2756129503250122, -2.7945361137390137, 0.0, 0.0, 0.0, 1.0], "offset": [1.0, 0.0, 0.0, 0.0, 0.0, 1.0, 0.0, 0.0, 0.0, 0.0, 1.0, 0.0, 0.0, 0.0, 0.0, 1.0]}, {"source": "b_r_arm", "target": "b_r_arm", "rest": [1.0, -7.450580596923828e-09, 2.9802322387695312e-08, -19.229585647583008, 2.384185791015625e-07, 1.0000003576278687, 1.043081283569336e-07, 135.57968139648438, -1.7881393432617188e-07, 3.725290298461914e-09, 1.0000003576278687, -3.2950408458709717, 0.0, 0.0, 0.0, 1.0], "offset": [1.0, 0.0, 0.0, 0.0, 0.0, 1.0, 0.0, 0.0, 0.0, 0.0, 1.0, 0.0, 0.0, 0.0, 0.0, 1.0]}, {"source": "b_r_arm_twist", "target": "b_r_arm_twist", "rest": [-0.027321234345436096, -0.9992617964744568, -0.027005640789866447, -19.229585647583008, 0.9992621541023254, -0.028031468391418457, 0.02626790665090084, 135.57968139648438, -0.027005409821867943, -0.026267897337675095, 0.9992904663085938, -3.2950408458709717, 0.0, 0.0, 0.0, 1.0], "offset": [1.0, 0.0, 0.0, 0.0, 0.0, 1.0, 0.0, 0.0, 0.0, 0.0, 1.0, 0.0, 0.0, 0.0, 0.0, 1.0]}, {"source": "b_r_forearm", "target": "b_r_forearm", "rest": [-0.02732163295149803, -0.9992617964744568, -0.027005640789866447, -44.81068801879883, 0.9992621541023254, -0.028031866997480392, 0.026267895475029945, 134.86207580566406, -0.027005409821867943, -0.0262678861618042, 0.9992904663085938, -3.967499017715454, 0.0, 0.0, 0.0, 1.0], "offset": [1.0, 0.0, 0.0, 0.0, 0.0, 1.0, 0.0, 0.0, 0.0, 0.0, 1.0, 0.0, 0.0, 0.0, 0.0, 1.0]}, {"source": "b_r_wrist_twist", "target": "b_r_wrist_twist", "rest": [0.42502865195274353, -0.7206284999847412, 0.5477635860443115, -69.5923843383789, 0.7206286191940308, -0.09681539237499237, -0.686528742313385, 134.16688537597656, 0.547764241695404, 0.6865286827087402, 0.4781562387943268, -4.618942737579346, 0.0, 0.0, 0.0, 1.0], "offset": [1.0, 0.0, 0.0, 0.0, 0.0, 1.0, 0.0, 0.0, 0.0, 0.0, 1.0, 0.0, 0.0, 0.0, 0.0, 1.0]}, {"source": "b_r_wrist", "target": "b_r_wrist", "rest": [-0.05785733461380005, -0.993950605392456, -0.09335003793239594, -71.57247161865234, 0.9939510822296143, -0.06609529256820679, 0.08771054446697235, 133.90086364746094, -0.09334990382194519, -0.08771070837974548, 0.9917627573013306, -2.7325525283813477, 0.0, 0.0, 0.0, 1.0], "offset": [1.0, 0.0, 0.0, 0.0, 0.0, 1.0, 0.0, 0.0, 0.0, 0.0, 1.0, 0.0, 0.0, 0.0, 0.0, 1.0]}, {"source": "b_r_index1", "target": "b_r_index1", "rest": [-0.0035623209550976753, -0.9999859929084778, 0.0038438141345977783, -80.52407836914062, 0.9999865293502808, -0.0035773655399680138, -0.003830172121524811, 133.4384307861328, 0.00384395569562912, 0.0038301125168800354, 0.9999856352806091, -0.4163058400154114, 0.0, 0.0, 0.0, 1.0], "offset": [1.0, 0.0, 0.0, 0.0, 0.0, 1.0, 0.0, 0.0, 0.0, 0.0, 1.0, 0.0, 0.0, 0.0, 0.0, 1.0]}, {"source": "b_r_index2", "target": "b_r_index2", "rest": [-0.0035648955963552, -0.9999859929084778, 0.003843899816274643, -85.02400970458984, 0.9999865293502808, -0.003579940414056182, -0.003830190282315016, 133.42233276367188, 0.003843983868137002, 0.003830188186839223, 0.9999856352806091, -0.3990703523159027, 0.0, 0.0, 0.0, 1.0], "offset": [1.0, 0.0, 0.0, 0.0, 0.0, 1.0, 0.0, 0.0, 0.0, 0.0, 1.0, 0.0, 0.0, 0.0, 0.0, 1.0]}, {"source": "b_r_index3", "target": "b_r_index3", "rest": [-0.003561215940862894, -0.9999859929084778, 0.0038439177442342043, -87.62397766113281, 0.9999865293502808, -0.00357626099139452, -0.0038302221801131964, 133.41302490234375, 0.0038440015632659197, 0.003830220317468047, 0.9999856352806091, -0.38911184668540955, 0.0, 0.0, 0.0, 1.0], "offset": [1.0, 0.0, 0.0, 0.0, 0.0, 1.0, 0.0, 0.0, 0.0, 0.0, 1.0, 0.0, 0.0, 0.0, 0.0, 1.0]}, {"source": "b_r_ring1", "target": "b_r_ring1", "rest": [-0.0035622958093881607, -0.9999859929084778, 0.003843843936920166, -79.5451889038086, 0.9999865293502808, -0.003577340394258499, -0.00383014976978302, 133.56654357910156, 0.003843925893306732, 0.003830142319202423, 0.9999856352806091, -4.819187164306641, 0.0, 0.0, 0.0, 1.0], "offset": [1.0, 0.0, 0.0, 0.0, 0.0, 1.0, 0.0, 0.0, 0.0, 0.0, 1.0, 0.0, 0.0, 0.0, 0.0, 1.0]}, {"source": "b_r_ring2", "target": "b_r_ring2", "rest": [-0.0035605928860604763, -0.9999859929084778, 0.0038439645431935787, -84.04512786865234, 0.9999865293502808, -0.0035756384022533894, -0.0038302713073790073, 133.55044555664062, 0.0038440413773059845, 0.003830268979072571, 0.9999856352806091, -4.8019514083862305, 0.0, 0.0, 0.0, 1.0], "offset": [1.0, 0.0, 0.0, 0.0, 0.0, 1.0, 0.0, 0.0, 0.0, 0.0, 1.0, 0.0, 0.0, 0.0, 0.0, 1.0]}, {"source": "b_r_ring3", "target": "b_r_ring3", "rest": [-0.003561838064342737, -0.9999859929084778, 0.0038435899186879396, -87.04508972167969, 0.9999865293502808, -0.0035768807865679264, -0.003829893423244357, 133.5397186279297, 0.0038436667528003454, 0.003829890862107277, 0.9999856352806091, -4.790460586547852, 0.0, 0.0, 0.0, 1.0], "offset": [1.0, 0.0, 0.0, 0.0, 0.0, 1.0, 0.0, 0.0, 0.0, 0.0, 1.0, 0.0, 0.0, 0.0, 0.0, 1.0]}, {"source": "b_r_middle1", "target": "b_r_middle1", "rest": [-0.0035603120923042297, -0.9999860525131226, 0.00384385883808136, -80.30046081542969, 0.9999865293502808, -0.003575354814529419, -0.003830157220363617, 133.93048095703125, 0.003843933343887329, 0.0038301795721054077, 0.9999856352806091, -2.6961922645568848, 0.0, 0.0, 0.0, 1.0], "offset": [1.0, 0.0, 0.0, 0.0, 0.0, 1.0, 0.0, 0.0, 0.0, 0.0, 1.0, 0.0, 0.0, 0.0, 0.0, 1.0]}, {"source": "b_r_middle2", "target": "b_r_middle2", "rest": [-0.00356338475830853, -0.9999860525131226, 0.003843920072540641, -85.400390625, 0.9999865293502808, -0.0035784279461950064, -0.0038302310276776552, 133.91224670410156, 0.0038440192583948374, 0.0038302286993712187, 0.9999856352806091, -2.6766583919525146, 0.0, 0.0, 0.0, 1.0], "offset": [1.0, 0.0, 0.0, 0.0, 0.0, 1.0, 0.0, 0.0, 0.0, 0.0, 1.0, 0.0, 0.0, 0.0, 0.0, 1.0]}, {"source": "b_r_middle3", "target": "b_r_middle3", "rest": [-0.0035711396485567093, -0.9999860525131226, 0.003843928687274456, -88.50035095214844, 0.9999865293502808, -0.003586182836443186, -0.0038302100729197264, 133.90115356445312, 0.0038440281059592962, 0.00383020774461329, 0.9999856352806091, -2.6647846698760986, 0.0, 0.0, 0.0, 1.0], "offset": [1.0, 0.0, 0.0, 0.0, 0.0, 1.0, 0.0, 0.0, 0.0, 0.0, 1.0, 0.0, 0.0, 0.0, 0.0, 1.0]}, {"source": "b_r_pinky1", "target": "b_r_pinky1", "rest": [-0.003561783581972122, -0.9999860525131226, 0.0038439854979515076, -78.62332916259766, 0.999986469745636, -0.0035768356174230576, -0.003830231726169586, 132.7781524658203, 0.003844030201435089, 0.0038302987813949585, 0.9999856948852539, -6.763053894042969, 0.0, 0.0, 0.0, 1.0], "offset": [1.0, 0.0, 0.0, 0.0, 0.0, 1.0, 0.0, 0.0, 0.0, 0.0, 1.0, 0.0, 0.0, 0.0, 0.0, 1.0]}, {"source": "b_r_pinky2", "target": "b_r_pinky2", "rest": [-0.0035598697140812874, -0.9999860525131226, 0.00384382251650095, -82.02328491210938, 0.999986469745636, -0.003574920818209648, -0.0038301455788314342, 132.7659912109375, 0.003843936137855053, 0.0038301434833556414, 0.9999856948852539, -6.750030994415283, 0.0, 0.0, 0.0, 1.0], "offset": [1.0, 0.0, 0.0, 0.0, 0.0, 1.0, 0.0, 0.0, 0.0, 0.0, 1.0, 0.0, 0.0, 0.0, 0.0, 1.0]}, {"source": "b_r_pinky3", "target": "b_r_pinky3", "rest": [-0.0035623181611299515, -0.9999860525131226, 0.003844142658635974, -84.12325286865234, 0.999986469745636, -0.0035773715935647488, -0.0038304554764181376, 132.75848388671875, 0.0038442565128207207, 0.003830453148111701, 0.9999856948852539, -6.741987705230713, 0.0, 0.0, 0.0, 1.0], "offset": [1.0, 0.0, 0.0, 0.0, 0.0, 1.0, 0.0, 0.0, 0.0, 0.0, 1.0, 0.0, 0.0, 0.0, 0.0, 1.0]}, {"source": "b_r_thumb0", "target": "b_r_thumb0", "rest": [0.5029781460762024, -0.36158525943756104, 0.7850276231765747, -72.5992660522461, 0.3615853190422058, -0.7369454503059387, -0.5711109042167664, 133.54774475097656, 0.7850282192230225, 0.5711108446121216, -0.23992371559143066, -1.9445120096206665, 0.0, 0.0, 0.0, 1.0], "offset": [1.0, 0.0, 0.0, 0.0, 0.0, 1.0, 0.0, 0.0, 0.0, 0.0, 1.0, 0.0, 0.0, 0.0, 0.0, 1.0]}, {"source": "b_r_thumb1", "target": "b_r_thumb1", "rest": [-0.030695825815200806, -0.9315471053123474, 0.3623223304748535, -73.64786529541016, 0.9315473437309265, -0.15806403756141663, -0.3274684548377991, 131.4105987548828, 0.36232274770736694, 0.3274686932563782, 0.8726322650909424, -0.2882876396179199, 0.0, 0.0, 0.0, 1.0], "offset": [1.0, 0.0, 0.0, 0.0, 0.0, 1.0, 0.0, 0.0, 0.0, 0.0, 1.0, 0.0, 0.0, 0.0, 0.0, 1.0]}, {"source": "b_r_thumb2", "target": "b_r_thumb2", "rest": [-0.010006614029407501, -0.9981759786605835, 0.05953359603881836, -77.83982849121094, 0.9981763362884521, -0.013516083359718323, -0.05883648991584778, 130.69931030273438, 0.059534087777137756, 0.058836430311203, 0.9964911341667175, 1.1853220462799072, 0.0, 0.0, 0.0, 1.0], "offset": [1.0, 0.0, 0.0, 0.0, 0.0, 1.0, 0.0, 0.0, 0.0, 0.0, 1.0, 0.0, 0.0, 0.0, 0.0, 1.0]}, {"source": "b_r_thumb3", "target": "b_r_thumb3", "rest": [-0.010004295967519283, -0.9981759786605835, 0.05953356251120567, -81.63289642333984, 0.9981763958930969, -0.013513767160475254, -0.05883655697107315, 130.64794921875, 0.059534016996622086, 0.05883653461933136, 0.9964911341667175, 1.408900499343872, 0.0, 0.0, 0.0, 1.0], "offset": [1.0, 0.0, 0.0, 0.0, 0.0, 1.0, 0.0, 0.0, 0.0, 0.0, 1.0, 0.0, 0.0, 0.0, 0.0, 1.0]}, {"source": "b_l_shoulder", "target": "b_l_shoulder", "rest": [0.05704343691468239, 0.9580969214439392, 0.2807067930698395, 2.799999952316284, -0.958096981048584, -0.0265195369720459, 0.2852138876914978, 140.6632537841797, 0.28070691227912903, -0.28521403670310974, 0.9164372682571411, 2.300602436065674, 0.0, 0.0, 0.0, 1.0], "offset": [1.0, 0.0, 0.0, 0.0, 0.0, 1.0, 0.0, 0.0, 0.0, 0.0, 1.0, 0.0, 0.0, 0.0, 0.0, 1.0]}, {"source": "p_l_scap", "target": "p_l_scap", "rest": [0.4464862048625946, 0.07365623861551285, 0.8917538523674011, 18.855379104614258, -0.07365581393241882, -0.9901988506317139, 0.11866573989391327, 139.6807861328125, 0.8917543292045593, -0.11866563558578491, -0.4366849958896637, -2.7914998531341553, 0.0, 0.0, 0.0, 1.0], "offset": [1.0, 0.0, 0.0, 0.0, 0.0, 1.0, 0.0, 0.0, 0.0, 0.0, 1.0, 0.0, 0.0, 0.0, 0.0, 1.0]}, {"source": "b_l_arm", "target": "b_l_arm", "rest": [0.9999980926513672, -1.4901161193847656e-08, 2.9802322387695312e-08, 19.166048049926758, -5.21540641784668e-07, 1.000000238418579, 1.0058283805847168e-06, 135.50430297851562, 6.496906280517578e-06, 0.0, 0.9999953508377075, -3.292010545730591, 0.0, 0.0, 0.0, 1.0], "offset": [1.0, 0.0, 0.0, 0.0, 0.0, 1.0, 0.0, 0.0, 0.0, 0.0, 1.0, 0.0, 0.0, 0.0, 0.0, 1.0]}, {"source": "b_l_arm_twist", "target": "b_l_arm_twist", "rest": [-0.02243582345545292, 0.9993674159049988, 0.027524838224053383, 19.166048049926758, -0.9993698000907898, -0.023177221417427063, 0.026897229254245758, 135.50430297851562, 0.027516929432749748, -0.026897447183728218, 0.9992547631263733, -3.292010545730591, 0.0, 0.0, 0.0, 1.0], "offset": [1.0, 0.0, 0.0, 0.0, 0.0, 1.0, 0.0, 0.0, 0.0, 0.0, 1.0, 0.0, 0.0, 0.0, 0.0, 1.0]}, {"source": "b_l_forearm", "target": "b_l_forearm", "rest": [-0.02243652753531933, 0.9993674159049988, 0.027524838224053383, 44.749908447265625, -0.9993698000907898, -0.023177925497293472, 0.026897212490439415, 134.9109649658203, 0.027516931295394897, -0.026897428557276726, 0.9992547631263733, -3.980586528778076, 0.0, 0.0, 0.0, 1.0], "offset": [1.0, 0.0, 0.0, 0.0, 0.0, 1.0, 0.0, 0.0, 0.0, 0.0, 1.0, 0.0, 0.0, 0.0, 0.0, 1.0]}, {"source": "b_l_wrist_twist", "target": "b_l_wrist_twist", "rest": [0.4523431360721588, 0.7500485777854919, -0.48250287771224976, 69.53427124023438, -0.7500486373901367, 0.027238668873906136, -0.6608220338821411, 134.33615112304688, -0.4825022220611572, 0.6608218550682068, 0.5748886466026306, -4.64764404296875, 0.0, 0.0, 0.0, 1.0], "offset": [1.0, 0.0, 0.0, 0.0, 0.0, 1.0, 0.0, 0.0, 0.0, 0.0, 1.0, 0.0, 0.0, 0.0, 0.0, 1.0]}, {"source": "b_l_wrist", "target": "b_l_wrist", "rest": [-0.08502578735351562, 0.9920737743377686, 0.09250043332576752, 71.59519958496094, -0.9920763373374939, -0.09291201829910278, 0.084572434425354, 134.41099548339844, 0.09249469637870789, -0.08457005023956299, 0.9921106100082397, -2.8318862915039062, 0.0, 0.0, 0.0, 1.0], "offset": [1.0, 0.0, 0.0, 0.0, 0.0, 1.0, 0.0, 0.0, 0.0, 0.0, 1.0, 0.0, 0.0, 0.0, 0.0, 1.0]}, {"source": "b_l_index1", "target": "b_l_index1", "rest": [-0.03017497807741165, 0.9995184540748596, -0.006952166557312012, 80.52474212646484, -0.9995206594467163, -0.030222531408071518, -0.006752237677574158, 133.7189483642578, -0.006960242986679077, 0.006751537322998047, 0.9999483823776245, -0.48789143562316895, 0.0, 0.0, 0.0, 1.0], "offset": [1.0, 0.0, 0.0, 0.0, 0.0, 1.0, 0.0, 0.0, 0.0, 0.0, 1.0, 0.0, 0.0, 0.0, 0.0, 1.0]}, {"source": "b_l_index2", "target": "b_l_index2", "rest": [-0.03017650730907917, 0.9995183944702148, -0.006952185649424791, 85.0225830078125, -0.9995205998420715, -0.030224056914448738, -0.006751737557351589, 133.58294677734375, -0.006959754042327404, 0.0067515610717237, 0.9999483823776245, -0.45750945806503296, 0.0, 0.0, 0.0, 1.0], "offset": [1.0, 0.0, 0.0, 0.0, 0.0, 1.0, 0.0, 0.0, 0.0, 0.0, 1.0, 0.0, 0.0, 0.0, 0.0, 1.0]}, {"source": "b_l_index3", "target": "b_l_index3", "rest": [-0.03018595091998577, 0.999518096446991, -0.006952299736440182, 87.621337890625, -0.9995203018188477, -0.03023350052535534, -0.006751785054802895, 133.50436401367188, -0.006959868595004082, 0.006751608103513718, 0.9999483823776245, -0.43995535373687744, 0.0, 0.0, 0.0, 1.0], "offset": [1.0, 0.0, 0.0, 0.0, 0.0, 1.0, 0.0, 0.0, 0.0, 0.0, 1.0, 0.0, 0.0, 0.0, 0.0, 1.0]}, {"source": "b_l_ring1", "target": "b_l_ring1", "rest": [-0.03017837554216385, 0.9995183348655701, -0.006952226161956787, 79.56198120117188, -0.9995205998420715, -0.030225925147533417, -0.006752230226993561, 133.85618591308594, -0.006960280239582062, 0.0067515745759010315, 0.9999483823776245, -4.894052505493164, 0.0, 0.0, 0.0, 1.0], "offset": [1.0, 0.0, 0.0, 0.0, 0.0, 1.0, 0.0, 0.0, 0.0, 0.0, 1.0, 0.0, 0.0, 0.0, 0.0, 1.0]}, {"source": "b_l_ring2", "target": "b_l_ring2", "rest": [-0.03017500229179859, 0.9995184540748596, -0.006952143739908934, 84.05982208251953, -0.9995207190513611, -0.03022254817187786, -0.006751708686351776, 133.7201690673828, -0.0069597335532307625, 0.006751531735062599, 0.9999483823776245, -4.863670349121094, 0.0, 0.0, 0.0, 1.0], "offset": [1.0, 0.0, 0.0, 0.0, 0.0, 1.0, 0.0, 0.0, 0.0, 0.0, 1.0, 0.0, 0.0, 0.0, 0.0, 1.0]}, {"source": "b_l_ring3", "target": "b_r_ring3", "rest": [-0.003561838064342737, -0.9999859929084778, 0.0038435899186879396, -87.04508972167969, 0.9999865293502808, -0.0035768807865679264, -0.003829893423244357, 133.5397186279297, 0.0038436667528003454, 0.003829890862107277, 0.9999856352806091, -4.790460586547852, 0.0, 0.0, 0.0, 1.0], "offset": [1.0, 0.0, 0.0, 0.0, 0.0, 1.0, 0.0, 0.0, 0.0, 0.0, 1.0, 0.0, 0.0, 0.0, 0.0, 1.0]}, {"source": "b_l_middle1", "target": "b_l_middle1", "rest": [-0.030179735273122787, 0.9995183944702148, -0.006952241063117981, 80.32073211669922, -0.9995205402374268, -0.030227288603782654, -0.006752222776412964, 134.20802307128906, -0.006960272789001465, 0.0067515745759010315, 0.9999484419822693, -2.7702577114105225, 0.0, 0.0, 0.0, 1.0], "offset": [1.0, 0.0, 0.0, 0.0, 0.0, 1.0, 0.0, 0.0, 0.0, 0.0, 1.0, 0.0, 0.0, 0.0, 0.0, 1.0]}, {"source": "b_l_middle2", "target": "b_l_middle2", "rest": [-0.03017466515302658, 0.9995185732841492, -0.006952161435037851, 85.41828918457031, -0.9995207190513611, -0.03022221475839615, -0.006751723121851683, 134.05386352539062, -0.006959736347198486, 0.006751545704901218, 0.9999484419822693, -2.7358245849609375, 0.0, 0.0, 0.0, 1.0], "offset": [1.0, 0.0, 0.0, 0.0, 0.0, 1.0, 0.0, 0.0, 0.0, 0.0, 1.0, 0.0, 0.0, 0.0, 0.0, 1.0]}, {"source": "b_l_middle3", "target": "b_l_middle3", "rest": [-0.030180348083376884, 0.9995183944702148, -0.006952228490263224, 88.51679992675781, -0.9995205402374268, -0.030227897688746452, -0.006751749198883772, 133.96017456054688, -0.006959802471101284, 0.006751572247594595, 0.9999484419822693, -2.7148947715759277, 0.0, 0.0, 0.0, 1.0], "offset": [1.0, 0.0, 0.0, 0.0, 0.0, 1.0, 0.0, 0.0, 0.0, 0.0, 1.0, 0.0, 0.0, 0.0, 0.0, 1.0]}, {"source": "b_l_pinky1", "target": "b_l_pinky1", "rest": [-0.030178256332874298, 0.9995183944702148, -0.006952300667762756, 78.6248779296875, -0.9995206594467163, -0.030225805938243866, -0.006752222776412964, 133.08517456054688, -0.006960272789001465, 0.006751634180545807, 0.9999483823776245, -6.83760404586792, 0.0, 0.0, 0.0, 1.0], "offset": [1.0, 0.0, 0.0, 0.0, 0.0, 1.0, 0.0, 0.0, 0.0, 0.0, 1.0, 0.0, 0.0, 0.0, 0.0, 1.0]}, {"source": "b_l_pinky2", "target": "b_l_pinky2", "rest": [-0.030172089114785194, 0.9995185732841492, -0.006952161435037851, 82.02324676513672, -0.9995208382606506, -0.030219634994864464, -0.00675172870978713, 132.98240661621094, -0.006959732621908188, 0.006751552689820528, 0.9999483823776245, -6.814648628234863, 0.0, 0.0, 0.0, 1.0], "offset": [1.0, 0.0, 0.0, 0.0, 0.0, 1.0, 0.0, 0.0, 0.0, 0.0, 1.0, 0.0, 0.0, 0.0, 0.0, 1.0]}, {"source": "b_l_pinky3", "target": "b_l_pinky3", "rest": [-0.030179446563124657, 0.9995183348655701, -0.006952284369617701, 84.12223815917969, -0.9995205998420715, -0.030226992443203926, -0.0067517985589802265, 132.9189453125, -0.006959856022149324, 0.006751622539013624, 0.9999483823776245, -6.800470352172852, 0.0, 0.0, 0.0, 1.0], "offset": [1.0, 0.0, 0.0, 0.0, 0.0, 1.0, 0.0, 0.0, 0.0, 0.0, 1.0, 0.0, 0.0, 0.0, 0.0, 1.0]}, {"source": "b_l_thumb0", "target": "b_l_thumb0", "rest": [0.5477063655853271, 0.34019508957862854, -0.7643828392028809, 72.6099853515625, -0.3401961624622345, -0.7441194653511047, -0.5749381184577942, 134.0336456298828, -0.7643777132034302, 0.5749373435974121, -0.29183048009872437, -2.0395374298095703, 0.0, 0.0, 0.0, 1.0], "offset": [1.0, 0.0, 0.0, 0.0, 0.0, 1.0, 0.0, 0.0, 0.0, 0.0, 1.0, 0.0, 0.0, 0.0, 0.0, 1.0]}, {"source": "b_l_thumb1", "target": "b_l_thumb1", "rest": [-0.047904133796691895, 0.9260765314102173, -0.3742772936820984, 73.59654998779297, -0.9260777235031128, -0.18158599734306335, -0.3307681083679199, 131.87570190429688, -0.37428003549575806, 0.3307695984840393, 0.8663123250007629, -0.37222087383270264, 0.0, 0.0, 0.0, 1.0], "offset": [1.0, 0.0, 0.0, 0.0, 0.0, 1.0, 0.0, 0.0, 0.0, 0.0, 1.0, 0.0, 0.0, 0.0, 0.0, 1.0]}, {"source": "b_l_thumb2", "target": "b_l_thumb2", "rest": [-0.035924963653087616, 0.9972896575927734, -0.06417664885520935, 77.76390075683594, -0.9972918033599854, -0.0399017408490181, -0.061787739396095276, 131.05856323242188, -0.06418189406394958, 0.06178939342498779, 0.9960190057754517, 1.1162447929382324, 0.0, 0.0, 0.0, 1.0], "offset": [1.0, 0.0, 0.0, 0.0, 0.0, 1.0, 0.0, 0.0, 0.0, 0.0, 1.0, 0.0, 0.0, 0.0, 0.0, 1.0]}, {"source": "b_l_thumb3", "target": "b_l_thumb3", "rest": [-0.0359223298728466, 0.997289776802063, -0.06417650729417801, 81.55360412597656, -0.9972918033599854, -0.039899200201034546, -0.06178939715027809, 130.9069366455078, -0.06418338418006897, 0.06178935617208481, 0.9960188865661621, 1.3510446548461914, 0.0, 0.0, 0.0, 1.0], "offset": [1.0, 0.0, 0.0, 0.0, 0.0, 1.0, 0.0, 0.0, 0.0, 0.0, 1.0, 0.0, 0.0, 0.0, 0.0, 1.0]}, {"source": "b_r_upleg", "target": "b_r_upleg", "rest": [1.0, 0.0, 0.0, -8.699999809265137, 0.0, -0.9999752640724182, -0.007038027048110962, 84.11883544921875, 0.0, 0.007038205862045288, -0.9999756813049316, -1.315602421760559, 0.0, 0.0, 0.0, 1.0], "offset": [1.0, 0.0, 0.0, 0.0, 0.0, 1.0, 0.0, 0.0, 0.0, 0.0, 1.0, 0.0, 0.0, 0.0, 0.0, 1.0]}, {"source": "b_r_leg", "target": "b_r_leg", "rest": [1.0, 0.0, 0.0, -8.699999809265137, 0.0, -0.9967835545539856, 0.08014228940010071, 46.81976318359375, 0.0, -0.08014214783906937, -0.9967839121818542, -1.0530773401260376, 0.0, 0.0, 0.0, 1.0], "offset": [1.0, 0.0, 0.0, 0.0, 0.0, 1.0, 0.0, 0.0, 0.0, 0.0, 1.0, 0.0, 0.0, 0.0, 0.0, 1.0]}, {"source": "b_r_foot_twist", "target": "b_r_foot_twist", "rest": [1.0, 0.0, 0.0, -8.699999809265137, 0.0, 1.0000001192092896, 4.3213367462158203e-07, 6.948421478271484, 0.0, -7.450580596923828e-09, 0.9999930262565613, -4.258763313293457, 0.0, 0.0, 0.0, 1.0], "offset": [1.0, 0.0, 0.0, 0.0, 0.0, 1.0, 0.0, 0.0, 0.0, 0.0, 1.0, 0.0, 0.0, 0.0, 0.0, 1.0]}, {"source": "b_r_foot", "target": "b_r_foot", "rest": [0.9999582171440125, 0.0051847901195287704, -0.007531570270657539, -8.699999809265137, -0.005184827372431755, -0.3569484055042267, -0.9341098666191101, 6.948420524597168, -0.007531494367867708, 0.9341030716896057, -0.3569045066833496, -4.258763313293457, 0.0, 0.0, 0.0, 1.0], "offset": [1.0, 0.0, 0.0, 0.0, 0.0, 1.0, 0.0, 0.0, 0.0, 0.0, 1.0, 0.0, 0.0, 0.0, 0.0, 1.0]}, {"source": "b_l_upleg", "target": "b_l_upleg", "rest": [1.0, 0.0, 0.0, 8.699999809265137, 0.0, -0.9999752640724182, -0.007038027048110962, 84.11883544921875, 0.0, 0.007038205862045288, -0.9999756813049316, -1.315602421760559, 0.0, 0.0, 0.0, 1.0], "offset": [1.0, 0.0, 0.0, 0.0, 0.0, 1.0, 0.0, 0.0, 0.0, 0.0, 1.0, 0.0, 0.0, 0.0, 0.0, 1.0]}, {"source": "b_l_leg", "target": "b_l_leg", "rest": [1.0, 0.0, 0.0, 8.699999809265137, 0.0, -0.9967835545539856, 0.08014228940010071, 46.81976318359375, 0.0, -0.08014214783906937, -0.9967839121818542, -1.0530773401260376, 0.0, 0.0, 0.0, 1.0], "offset": [1.0, 0.0, 0.0, 0.0, 0.0, 1.0, 0.0, 0.0, 0.0, 0.0, 1.0, 0.0, 0.0, 0.0, 0.0, 1.0]}, {"source": "b_l_foot_twist", "target": "b_l_foot_twist", "rest": [1.0, 0.0, 0.0, 8.699999809265137, 0.0, 1.0000001192092896, 4.3213367462158203e-07, 6.948421478271484, 0.0, -7.450580596923828e-09, 0.9999930262565613, -4.258763313293457, 0.0, 0.0, 0.0, 1.0], "offset": [1.0, 0.0, 0.0, 0.0, 0.0, 1.0, 0.0, 0.0, 0.0, 0.0, 1.0, 0.0, 0.0, 0.0, 0.0, 1.0]}, {"source": "b_l_foot", "target": "b_l_foot", "rest": [0.9999949336051941, -0.001799916266463697, 0.0026160338893532753, 8.699999809265137, 0.0017999294213950634, -0.3574121594429016, -0.9339451193809509, 6.948420524597168, 0.0026160075794905424, 0.9339383244514465, -0.3574049472808838, -4.258763313293457, 0.0, 0.0, 0.0, 1.0], "offset": [1.0, 0.0, 0.0, 0.0, 0.0, 1.0, 0.0, 0.0, 0.0, 0.0, 1.0, 0.0, 0.0, 0.0, 0.0, 1.0]}], "ik_limbs": [{"name": "left-foot", "enabled": false, "target_bone": "", "origin_bone": "", "control_transform": [1.0, 0.0, 0.0, 0.0, 0.0, 1.0, 0.0, 0.0, 0.0, 0.0, 1.0, 0.0, 0.0, 0.0, 0.0, 1.0]}, {"name": "right-foot", "enabled": false, "target_bone": "", "origin_bone": "", "control_transform": [1.0, 0.0, 0.0, 0.0, 0.0, 1.0, 0.0, 0.0, 0.0, 0.0, 1.0, 0.0, 0.0, 0.0, 0.0, 1.0]}, {"name": "left-hand", "enabled": false, "target_bone": "BVH:b_l_arm", "origin_bone": "BVH:p_l_scap", "control_transform": [0.9999983310699463, 0.0, 0.0, 0.0, 0.0, 0.9999983310699463, -3.979039320256561e-13, -4.76837158203125e-06, 0.0, 3.979039320256561e-13, 0.9999983310699463, -0.00019782791787292808, 0.0, 0.0, 0.0, 0.9999999403953552]}, {"name": "right-hand", "enabled": false, "target_bone": "", "origin_bone": "", "control_transform": [0.9999997019767761, 0.0, 0.0, 5.7220458984375e-06, 0.0, 0.9999997019767761, -8.526512829121202e-14, -7.152557373046875e-07, 0.0, 8.526512829121202e-14, 0.9999997019767761, -6.049831790733151e-05, 0.0, 0.0, 0.0, 0.9999999403953552]}], "correct_feet": false, "correct_hands": false}