{"mappings": [{"source": "body_world", "target": "body_world", "rest": [1.0, 0.0, 0.0, 0.0, 0.0, 1.0, 0.0, 0.0, 0.0, 0.0, 1.0, 0.0, 0.0, 0.0, 0.0, 1.0], "offset": [1.0, 0.0, 0.0, 0.0, 0.0, 1.0, 0.0, 0.0, 0.0, 0.0, 1.0, 0.0, 0.0, 0.0, 0.0, 1.0]}, {"source": "b_root", "target": "b_root", "rest": [1.0, 0.0, 0.0, 0.0, 0.0, -0.905406653881073, 0.4245454668998718, 91.30000305175781, 0.0, -0.4245454668998718, -0.9054070711135864, 0.0, 0.0, 0.0, 0.0, 1.0], "offset": [1.0, 0.0, 0.0, 0.0, 0.0, 1.0, -1.7453292457503267e-05, 0.0, 0.0, 1.7453292457503267e-05, 1.0, 0.0, 0.0, 0.0, 0.0, 1.0]}, {"source": "b_spine0", "target": "b_spine0", "rest": [1.0, 3.772290181918466e-18, -3.7526868285815717e-19, -4.041334481182156e-16, -3.772286046015403e-18, 0.980398952960968, -0.1970227211713791, 93.82221221923828, -3.7531324721365847e-19, 0.19702261686325073, 0.9803993105888367, -2.92034912109375, 0.0, 0.0, 0.0, 1.0], "offset": [1.0, 0.0, 0.0, 0.0, 0.0, 1.0, 0.0, 0.0, 0.0, 0.0, 1.0, 0.0, 0.0, 0.0, 0.0, 1.0]}, {"source": "b_spine1", "target": "b_spine1", "rest": [1.0, -6.490968323020373e-17, -1.2858674823369525e-17, -3.6225423338183166e-16, 6.490990160588545e-17, 0.9244824647903442, 0.3812248110771179, 104.70640563964844, -1.2857575500335442e-17, -0.381225049495697, 0.9244825839996338, -0.7330434322357178, 0.0, 0.0, 0.0, 1.0], "offset": [1.0, 0.0, 0.0, 0.0, 0.0, 1.0, 0.0, 0.0, 0.0, 0.0, 1.0, 0.0, 0.0, 0.0, 0.0, 1.0]}, {"source": "b_spine2", "target": "b_spine2", "rest": [1.0, -1.961220416944852e-17, 6.527116777533431e-20, -1.0904005478352746e-15, 1.961219424328117e-17, 0.9999778270721436, -0.006673187017440796, 115.07710266113281, 6.560369438158062e-20, 0.00667300820350647, 0.9999780058860779, -5.009564399719238, 0.0, 0.0, 0.0, 1.0], "offset": [1.0, 0.0, 0.0, 0.0, 0.0, 1.0, 0.0, 0.0, 0.0, 0.0, 1.0, 0.0, 0.0, 0.0, 0.0, 1.0]}, {"source": "b_spine3", "target": "b_spine3", "rest": [1.0, 1.4566896756009113e-16, -5.0658727778287005e-17, -1.68059722361431e-15, -1.4566812052714388e-16, 0.7842039465904236, -0.620503306388855, 133.4794464111328, -5.066128542074102e-17, 0.620503306388855, 0.7842041850090027, -6.785529136657715, 0.0, 0.0, 0.0, 1.0], "offset": [1.0, 0.0, 0.0, 0.0, 0.0, 1.0, 0.0, 0.0, 0.0, 0.0, 1.0, 0.0, 0.0, 0.0, 0.0, 1.0]}, {"source": "b_neck0", "target": "b_neck0", "rest": [1.0, 3.5936653262851924e-17, -8.515291701918936e-18, -1.5426678607910775e-15, -3.593655069245597e-17, 0.8936688303947449, -0.44872725009918213, 146.25418090820312, -8.515900506849775e-18, 0.4487271308898926, 0.8936691284179688, -3.48309326171875, 0.0, 0.0, 0.0, 1.0], "offset": [1.0, 0.0, 0.0, 0.0, 0.0, 1.0, 0.0, 0.0, 0.0, 0.0, 1.0, 0.0, 0.0, 0.0, 0.0, 1.0]}, {"source": "b_head", "target": "b_head", "rest": [0.9999973773956299, 0.00219554896466434, -0.0006148568354547024, -1.2875175025182039e-15, -0.0021955380216240883, 0.85454261302948, -0.5193767547607422, 152.59922790527344, -0.0006148952525109053, 0.5193766355514526, 0.8545455932617188, -0.29712867736816406, 0.0, 0.0, 0.0, 1.0], "offset": [1.0, 0.0, 0.0, 0.0, 0.0, 1.0, 0.0, 0.0, 0.0, 0.0, 1.0, 0.0, 0.0, 0.0, 0.0, 1.0]}, {"source": "b_r_shoulder", "target": "b_r_shoulder", "rest": [0.03944743797183037, -0.9515897631645203, -0.30482909083366394, -2.799999952316284, 0.95159512758255, -0.05728423595428467, 0.3019690215587616, 140.66322326660156, -0.3048127591609955, -0.30198580026626587, 0.9032686352729797, 2.3014636039733887, 0.0, 0.0, 0.0, 1.0], "offset": [1.0, 0.0, 0.0, 0.0, 0.0, 1.0, 0.0, 0.0, 0.0, 0.0, 1.0, 0.0, 0.0, 0.0, 0.0, 1.0]}, {"source": "p_r_scap", "target": "p_r_scap", "rest": [0.28693801164627075, -0.08986425399780273, -0.9537249207496643, -18.855379104614258, 0.08988109230995178, -0.9886729717254639, 0.12019865214824677, 139.69671630859375, -0.953723669052124, -0.12021143734455109, -0.2756108343601227, -2.7936906814575195, 0.0, 0.0, 0.0, 1.0], "offset": [1.0, 0.0, 0.0, 0.0, 0.0, 1.0, 0.0, 0.0, 0.0, 0.0, 1.0, 0.0, 0.0, 0.0, 0.0, 1.0]}, {"source": "b_r_arm", "target": "b_r_arm", "rest": [1.0, -7.450580596923828e-09, 2.9802322387695312e-08, -19.229585647583008, 2.384185791015625e-07, 1.000000238418579, -1.7374753952026367e-05, 135.5797576904297, -1.7881393432617188e-07, 1.7423182725906372e-05, 1.0000003576278687, -3.294267177581787, 0.0, 0.0, 0.0, 1.0], "offset": [1.0, 0.0, 0.0, 0.0, 0.0, 1.0, 0.0, 0.0, 0.0, 0.0, 1.0, 0.0, 0.0, 0.0, 0.0, 1.0]}, {"source": "b_r_arm_twist", "target": "b_r_arm_twist", "rest": [-0.027321234345436096, -0.9992617964744568, -0.027005640789866447, -19.229585647583008, 0.9992625117301941, -0.028031008318066597, 0.026250436902046204, 135.5797576904297, -0.02698800340294838, -0.026268385350704193, 0.999290943145752, -3.294267177581787, 0.0, 0.0, 0.0, 1.0], "offset": [1.0, 0.0, 0.0, 0.0, 0.0, 1.0, 0.0, 0.0, 0.0, 0.0, 1.0, 0.0, 0.0, 0.0, 0.0, 1.0]}, {"source": "b_r_forearm", "target": "b_r_forearm", "rest": [-0.02732163295149803, -0.9992617964744568, -0.027005640789866447, -44.81068801879883, 0.9992625117301941, -0.028031406924128532, 0.026250425726175308, 134.86216735839844, -0.02698800340294838, -0.026268374174833298, 0.999290943145752, -3.966737747192383, 0.0, 0.0, 0.0, 1.0], "offset": [1.0, 0.0, 0.0, 0.0, 0.0, 1.0, 0.0, 0.0, 0.0, 0.0, 1.0, 0.0, 0.0, 0.0, 0.0, 1.0]}, {"source": "b_r_wrist_twist", "target": "b_r_wrist_twist", "rest": [0.42502865195274353, -0.7206284999847412, 0.5477635860443115, -69.5923843383789, 0.7206190228462219, -0.09682738780975342, -0.686536967754364, 134.1669921875, 0.5477768182754517, 0.6865270733833313, 0.4781442880630493, -4.618193626403809, 0.0, 0.0, 0.0, 1.0], "offset": [1.0, 0.0, 0.0, 0.0, 0.0, 1.0, 0.0, 0.0, 0.0, 0.0, 1.0, 0.0, 0.0, 0.0, 0.0, 1.0]}, {"source": "b_r_wrist", "target": "b_r_wrist", "rest": [-0.05785733461380005, -0.993950605392456, -0.09335003793239594, -71.57247161865234, 0.9939525723457336, -0.06609386205673218, 0.0876932144165039, 133.90093994140625, -0.09333261847496033, -0.08771178126335144, 0.9917643070220947, -2.7318077087402344, 0.0, 0.0, 0.0, 1.0], "offset": [1.0, 0.0, 0.0, 0.0, 0.0, 1.0, 0.0, 0.0, 0.0, 0.0, 1.0, 0.0, 0.0, 0.0, 0.0, 1.0]}, {"source": "b_r_index1", "target": "b_r_index1", "rest": [-0.0035623209550976753, -0.9999859929084778, 0.0038438141345977783, -80.52407836914062, 0.9999862909317017, -0.0035775452852249146, -0.0038476288318634033, 133.43846130371094, 0.00386134535074234, 0.0038301274180412292, 0.9999856352806091, -0.41556841135025024, 0.0, 0.0, 0.0, 1.0], "offset": [1.0, 0.0, 0.0, 0.0, 0.0, 1.0, 0.0, 0.0, 0.0, 0.0, 1.0, 0.0, 0.0, 0.0, 0.0, 1.0]}, {"source": "b_r_index2", "target": "b_r_index2", "rest": [-0.0035648955963552, -0.9999859929084778, 0.003843899816274643, -85.02400970458984, 0.9999862909317017, -0.0035801201593130827, -0.0038476469926536083, 133.42236328125, 0.003861373523250222, 0.0038302030880004168, 0.9999856352806091, -0.3983328640460968, 0.0, 0.0, 0.0, 1.0], "offset": [1.0, 0.0, 0.0, 0.0, 0.0, 1.0, 0.0, 0.0, 0.0, 0.0, 1.0, 0.0, 0.0, 0.0, 0.0, 1.0]}, {"source": "b_r_index3", "target": "b_r_index3", "rest": [-0.003561215940862894, -0.9999859929084778, 0.0038439177442342043, -87.62397766113281, 0.9999862909317017, -0.0035764407366514206, -0.003847678890451789, 133.41305541992188, 0.00386139121837914, 0.003830235218629241, 0.9999856352806091, -0.38837432861328125, 0.0, 0.0, 0.0, 1.0], "offset": [1.0, 0.0, 0.0, 0.0, 0.0, 1.0, 0.0, 0.0, 0.0, 0.0, 1.0, 0.0, 0.0, 0.0, 0.0, 1.0]}, {"source": "b_r_ring1", "target": "b_r_ring1", "rest": [-0.0035622958093881607, -0.9999859929084778, 0.003843843936920166, -79.5451889038086, 0.9999862909317017, -0.0035775210708379745, -0.0038475990295410156, 133.56666564941406, 0.0038613155484199524, 0.003830157220363617, 0.9999856352806091, -4.818448066711426, 0.0, 0.0, 0.0, 1.0], "offset": [1.0, 0.0, 0.0, 0.0, 0.0, 1.0, 0.0, 0.0, 0.0, 0.0, 1.0, 0.0, 0.0, 0.0, 0.0, 1.0]}, {"source": "b_r_ring2", "target": "b_r_ring2", "rest": [-0.0035605928860604763, -0.9999859929084778, 0.0038439645431935787, -84.04512786865234, 0.9999862909317017, -0.0035758190788328648, -0.003847720567137003, 133.55056762695312, 0.0038614310324192047, 0.0038302838802337646, 0.9999856352806091, -4.801212310791016, 0.0, 0.0, 0.0, 1.0], "offset": [1.0, 0.0, 0.0, 0.0, 0.0, 1.0, 0.0, 0.0, 0.0, 0.0, 1.0, 0.0, 0.0, 0.0, 0.0, 1.0]}, {"source": "b_r_ring3", "target": "b_r_ring3", "rest": [-0.003561838064342737, -0.9999859929084778, 0.0038435899186879396, -87.04508972167969, 0.9999862909317017, -0.003577061463147402, -0.0038473426830023527, 133.5398406982422, 0.0038610564079135656, 0.0038299057632684708, 0.9999856352806091, -4.789721488952637, 0.0, 0.0, 0.0, 1.0], "offset": [1.0, 0.0, 0.0, 0.0, 0.0, 1.0, 0.0, 0.0, 0.0, 0.0, 1.0, 0.0, 0.0, 0.0, 0.0, 1.0]}, {"source": "b_r_middle1", "target": "b_r_middle1", "rest": [-0.0035603120923042297, -0.9999860525131226, 0.00384385883808136, -80.30046081542969, 0.9999863505363464, -0.0035755354911088943, -0.0038476064801216125, 133.93055725097656, 0.0038613229990005493, 0.0038301944732666016, 0.9999856352806091, -2.695446014404297, 0.0, 0.0, 0.0, 1.0], "offset": [1.0, 0.0, 0.0, 0.0, 0.0, 1.0, 0.0, 0.0, 0.0, 0.0, 1.0, 0.0, 0.0, 0.0, 0.0, 1.0]}, {"source": "b_r_middle2", "target": "b_r_middle2", "rest": [-0.00356338475830853, -0.9999860525131226, 0.003843920072540641, -85.400390625, 0.9999863505363464, -0.0035786086227744818, -0.003847680287435651, 133.91232299804688, 0.0038614089135080576, 0.0038302436005324125, 0.9999856352806091, -2.6759119033813477, 0.0, 0.0, 0.0, 1.0], "offset": [1.0, 0.0, 0.0, 0.0, 0.0, 1.0, 0.0, 0.0, 0.0, 0.0, 1.0, 0.0, 0.0, 0.0, 0.0, 1.0]}, {"source": "b_r_middle3", "target": "b_r_middle3", "rest": [-0.0035711396485567093, -0.9999860525131226, 0.003843928687274456, -88.50035095214844, 0.9999863505363464, -0.003586363513022661, -0.003847659332677722, 133.90122985839844, 0.0038614177610725164, 0.00383022241294384, 0.9999856352806091, -2.6640381813049316, 0.0, 0.0, 0.0, 1.0], "offset": [1.0, 0.0, 0.0, 0.0, 0.0, 1.0, 0.0, 0.0, 0.0, 0.0, 1.0, 0.0, 0.0, 0.0, 0.0, 1.0]}, {"source": "b_r_pinky1", "target": "b_r_pinky1", "rest": [-0.003561783581972122, -0.9999860525131226, 0.0038439854979515076, -78.62332916259766, 0.9999862909317017, -0.00357701163738966, -0.0038476958870887756, 132.77830505371094, 0.0038614198565483093, 0.0038303136825561523, 0.9999856352806091, -6.762328147888184, 0.0, 0.0, 0.0, 1.0], "offset": [1.0, 0.0, 0.0, 0.0, 0.0, 1.0, 0.0, 0.0, 0.0, 0.0, 1.0, 0.0, 0.0, 0.0, 0.0, 1.0]}, {"source": "b_r_pinky2", "target": "b_r_pinky2", "rest": [-0.0035598697140812874, -0.9999860525131226, 0.00384382251650095, -82.02328491210938, 0.9999862909317017, -0.0035750968381762505, -0.0038476097397506237, 132.76614379882812, 0.003861325792968273, 0.003830158384516835, 0.9999856352806091, -6.749305248260498, 0.0, 0.0, 0.0, 1.0], "offset": [1.0, 0.0, 0.0, 0.0, 0.0, 1.0, 0.0, 0.0, 0.0, 0.0, 1.0, 0.0, 0.0, 0.0, 0.0, 1.0]}, {"source": "b_r_pinky3", "target": "b_r_pinky3", "rest": [-0.0035623181611299515, -0.9999860525131226, 0.003844142658635974, -84.12325286865234, 0.9999862909317017, -0.003577547613531351, -0.003847919637337327, 132.75863647460938, 0.003861646167933941, 0.003830467816442251, 0.9999856352806091, -6.741261959075928, 0.0, 0.0, 0.0, 1.0], "offset": [1.0, 0.0, 0.0, 0.0, 0.0, 1.0, 0.0, 0.0, 0.0, 0.0, 1.0, 0.0, 0.0, 0.0, 0.0, 1.0]}, {"source": "b_r_thumb0", "target": "b_r_thumb0", "rest": [0.5029781460762024, -0.36158525943756104, 0.7850276231765747, -72.5992660522461, 0.36157163977622986, -0.7369553446769714, -0.571106493473053, 133.5478057861328, 0.7850344777107239, 0.5710980296134949, -0.23993372917175293, -1.9437730312347412, 0.0, 0.0, 0.0, 1.0], "offset": [1.0, 0.0, 0.0, 0.0, 0.0, 1.0, 0.0, 0.0, 0.0, 0.0, 1.0, 0.0, 0.0, 0.0, 0.0, 1.0]}, {"source": "b_r_thumb1", "target": "b_r_thumb1", "rest": [-0.030695825815200806, -0.9315471053123474, 0.3623223304748535, -73.64786529541016, 0.931540846824646, -0.158069908618927, -0.327483594417572, 131.41062927246094, 0.36233896017074585, 0.32746607065200806, 0.872626543045044, -0.2875858545303345, 0.0, 0.0, 0.0, 1.0], "offset": [1.0, 0.0, 0.0, 0.0, 0.0, 1.0, 0.0, 0.0, 0.0, 0.0, 1.0, 0.0, 0.0, 0.0, 0.0, 1.0]}, {"source": "b_r_thumb2", "target": "b_r_thumb2", "rest": [-0.010006614029407501, -0.9981759786605835, 0.05953359603881836, -77.83982849121094, 0.9981751441955566, -0.013517305254936218, -0.05885389447212219, 130.69931030273438, 0.05955147743225098, 0.05883631110191345, 0.9964901208877563, 1.1860120296478271, 0.0, 0.0, 0.0, 1.0], "offset": [1.0, 0.0, 0.0, 0.0, 0.0, 1.0, 0.0, 0.0, 0.0, 0.0, 1.0, 0.0, 0.0, 0.0, 0.0, 1.0]}, {"source": "b_r_thumb3", "target": "b_r_thumb3", "rest": [-0.010004295967519283, -0.9981759786605835, 0.05953356251120567, -81.63289642333984, 0.9981752038002014, -0.01351498905569315, -0.058853961527347565, 130.64794921875, 0.059551406651735306, 0.05883641541004181, 0.9964901208877563, 1.4095900058746338, 0.0, 0.0, 0.0, 1.0], "offset": [1.0, 0.0, 0.0, 0.0, 0.0, 1.0, 0.0, 0.0, 0.0, 0.0, 1.0, 0.0, 0.0, 0.0, 0.0, 1.0]}, {"source": "b_l_shoulder", "target": "b_l_shoulder", "rest": [0.05704343691468239, 0.9580969214439392, 0.2807067930698395, 2.799999952316284, -0.9581018686294556, -0.026514559984207153, 0.28519782423973083, 140.66322326660156, 0.28069019317626953, -0.28521448373794556, 0.9164421558380127, 2.3014636039733887, 0.0, 0.0, 0.0, 1.0], "offset": [1.0, 0.0, 0.0, 0.0, 0.0, 1.0, 0.0, 0.0, 0.0, 0.0, 1.0, 0.0, 0.0, 0.0, 0.0, 1.0]}, {"source": "p_l_scap", "target": "p_l_scap", "rest": [0.4464862048625946, 0.07365623861551285, 0.8917538523674011, 18.855379104614258, -0.07367146015167236, -0.9901967644691467, 0.11867333948612213, 139.68084716796875, 0.8917530179023743, -0.118682861328125, -0.43668287992477417, -2.7906556129455566, 0.0, 0.0, 0.0, 1.0], "offset": [1.0, 0.0, 0.0, 0.0, 0.0, 1.0, 0.0, 0.0, 0.0, 0.0, 1.0, 0.0, 0.0, 0.0, 0.0, 1.0]}, {"source": "b_l_arm", "target": "b_l_arm", "rest": [0.9999980926513672, -1.4901161193847656e-08, 2.9802322387695312e-08, 19.166048049926758, -5.736947059631348e-07, 1.000000238418579, -1.652166247367859e-05, 135.50437927246094, 6.5267086029052734e-06, 1.7404556274414062e-05, 0.9999953508377075, -3.291239023208618, 0.0, 0.0, 0.0, 1.0], "offset": [1.0, 0.0, 0.0, 0.0, 0.0, 1.0, 0.0, 0.0, 0.0, 0.0, 1.0, 0.0, 0.0, 0.0, 0.0, 1.0]}, {"source": "b_l_arm_twist", "target": "b_l_arm_twist", "rest": [-0.02243582345545292, 0.9993674159049988, 0.027524838224053383, 19.166048049926758, -0.999370276927948, -0.023176800459623337, 0.02687971480190754, 135.50437927246094, 0.02749953418970108, -0.026897821575403214, 0.9992552399635315, -3.291239023208618, 0.0, 0.0, 0.0, 1.0], "offset": [1.0, 0.0, 0.0, 0.0, 0.0, 1.0, 0.0, 0.0, 0.0, 0.0, 1.0, 0.0, 0.0, 0.0, 0.0, 1.0]}, {"source": "b_l_forearm", "target": "b_l_forearm", "rest": [-0.02243652753531933, 0.9993674159049988, 0.027524838224053383, 44.749908447265625, -0.999370276927948, -0.023177504539489746, 0.026879698038101196, 134.9110565185547, 0.02749953605234623, -0.02689780294895172, 0.9992552399635315, -3.9798245429992676, 0.0, 0.0, 0.0, 1.0], "offset": [1.0, 0.0, 0.0, 0.0, 0.0, 1.0, 0.0, 0.0, 0.0, 0.0, 1.0, 0.0, 0.0, 0.0, 0.0, 1.0]}, {"source": "b_l_wrist_twist", "target": "b_l_wrist_twist", "rest": [0.4523431360721588, 0.7500485777854919, -0.48250287771224976, 69.53427124023438, -0.7500402331352234, 0.027227045968174934, -0.6608319878578186, 134.3362579345703, -0.48251524567604065, 0.6608222723007202, 0.5748770833015442, -4.6468915939331055, 0.0, 0.0, 0.0, 1.0], "offset": [1.0, 0.0, 0.0, 0.0, 0.0, 1.0, 0.0, 0.0, 0.0, 0.0, 1.0, 0.0, 0.0, 0.0, 0.0, 1.0]}, {"source": "b_l_wrist", "target": "b_l_wrist", "rest": [-0.08502578735351562, 0.9920737743377686, 0.09250043332576752, 71.59519958496094, -0.9920778870582581, -0.09291067719459534, 0.08455508947372437, 134.41107177734375, 0.09247741103172302, -0.08457162976264954, 0.9921119213104248, -2.8311328887939453, 0.0, 0.0, 0.0, 1.0], "offset": [1.0, 0.0, 0.0, 0.0, 0.0, 1.0, 0.0, 0.0, 0.0, 0.0, 1.0, 0.0, 0.0, 0.0, 0.0, 1.0]}, {"source": "b_l_index1", "target": "b_l_index1", "rest": [-0.03017497807741165, 0.9995184540748596, -0.006952166557312012, 80.52474212646484, -0.999520480632782, -0.03022279217839241, -0.006769701838493347, 133.71897888183594, -0.006977640092372894, 0.006751030683517456, 0.9999480843544006, -0.48715001344680786, 0.0, 0.0, 0.0, 1.0], "offset": [1.0, 0.0, 0.0, 0.0, 0.0, 1.0, 0.0, 0.0, 0.0, 0.0, 1.0, 0.0, 0.0, 0.0, 0.0, 1.0]}, {"source": "b_l_index2", "target": "b_l_index2", "rest": [-0.03017650730907917, 0.9995183944702148, -0.006952185649424791, 85.0225830078125, -0.9995204210281372, -0.03022431768476963, -0.006769201718270779, 133.58297729492188, -0.006977151148021221, 0.006751054432243109, 0.9999480843544006, -0.4567703306674957, 0.0, 0.0, 0.0, 1.0], "offset": [1.0, 0.0, 0.0, 0.0, 0.0, 1.0, 0.0, 0.0, 0.0, 0.0, 1.0, 0.0, 0.0, 0.0, 0.0, 1.0]}, {"source": "b_l_index3", "target": "b_l_index3", "rest": [-0.03018595091998577, 0.999518096446991, -0.006952299736440182, 87.621337890625, -0.9995201230049133, -0.03023376129567623, -0.006769249215722084, 133.50439453125, -0.006977265700697899, 0.0067511009983718395, 0.9999480843544006, -0.43921753764152527, 0.0, 0.0, 0.0, 1.0], "offset": [1.0, 0.0, 0.0, 0.0, 0.0, 1.0, 0.0, 0.0, 0.0, 0.0, 1.0, 0.0, 0.0, 0.0, 0.0, 1.0]}, {"source": "b_l_ring1", "target": "b_l_ring1", "rest": [-0.03017837554216385, 0.9995183348655701, -0.006952226161956787, 79.56198120117188, -0.9995204210281372, -0.03022618219256401, -0.00676969438791275, 133.85629272460938, -0.006977669894695282, 0.006751067936420441, 0.9999480843544006, -4.893308639526367, 0.0, 0.0, 0.0, 1.0], "offset": [1.0, 0.0, 0.0, 0.0, 0.0, 1.0, 0.0, 0.0, 0.0, 0.0, 1.0, 0.0, 0.0, 0.0, 0.0, 1.0]}, {"source": "b_l_ring2", "target": "b_l_ring2", "rest": [-0.03017500229179859, 0.9995184540748596, -0.006952143739908934, 84.05982208251953, -0.9995205402374268, -0.030222805216908455, -0.006769172847270966, 133.72027587890625, -0.006977123208343983, 0.006751025095582008, 0.9999480843544006, -4.862928867340088, 0.0, 0.0, 0.0, 1.0], "offset": [1.0, 0.0, 0.0, 0.0, 0.0, 1.0, 0.0, 0.0, 0.0, 0.0, 1.0, 0.0, 0.0, 0.0, 0.0, 1.0]}, {"source": "b_l_ring3", "target": "b_r_ring3", "rest": [-0.003561838064342737, -0.9999859929084778, 0.0038435899186879396, -87.04508972167969, 0.9999862909317017, -0.003577061463147402, -0.0038473426830023527, 133.5398406982422, 0.0038610564079135656, 0.0038299057632684708, 0.9999856352806091, -4.789721488952637, 0.0, 0.0, 0.0, 1.0], "offset": [1.0, 0.0, 0.0, 0.0, 0.0, 1.0, 0.0, 0.0, 0.0, 0.0, 1.0, 0.0, 0.0, 0.0, 0.0, 1.0]}, {"source": "b_l_middle1", "target": "b_l_middle1", "rest": [-0.030179735273122787, 0.9995183944702148, -0.006952241063117981, 80.32073211669922, -0.9995203614234924, -0.0302275437861681, -0.006769679486751556, 134.20809936523438, -0.006977669894695282, 0.006751067936420441, 0.9999481439590454, -2.769507884979248, 0.0, 0.0, 0.0, 1.0], "offset": [1.0, 0.0, 0.0, 0.0, 0.0, 1.0, 0.0, 0.0, 0.0, 0.0, 1.0, 0.0, 0.0, 0.0, 0.0, 1.0]}, {"source": "b_l_middle2", "target": "b_l_middle2", "rest": [-0.03017466515302658, 0.9995185732841492, -0.006952161435037851, 85.41828918457031, -0.9995205402374268, -0.030222469940781593, -0.006769179832190275, 134.05393981933594, -0.0069771334528923035, 0.006751039065420628, 0.9999481439590454, -2.735077381134033, 0.0, 0.0, 0.0, 1.0], "offset": [1.0, 0.0, 0.0, 0.0, 0.0, 1.0, 0.0, 0.0, 0.0, 0.0, 1.0, 0.0, 0.0, 0.0, 0.0, 1.0]}, {"source": "b_l_middle3", "target": "b_l_middle3", "rest": [-0.030180348083376884, 0.9995183944702148, -0.006952228490263224, 88.51679992675781, -0.9995203614234924, -0.030228152871131897, -0.006769205909222364, 133.9602508544922, -0.006977199576795101, 0.006751065608114004, 0.9999481439590454, -2.714149236679077, 0.0, 0.0, 0.0, 1.0], "offset": [1.0, 0.0, 0.0, 0.0, 0.0, 1.0, 0.0, 0.0, 0.0, 0.0, 1.0, 0.0, 0.0, 0.0, 0.0, 1.0]}, {"source": "b_l_pinky1", "target": "b_l_pinky1", "rest": [-0.030178256332874298, 0.9995183944702148, -0.006952300667762756, 78.6248779296875, -0.9995204210281372, -0.03022606670856476, -0.006769686937332153, 133.08531188964844, -0.006977662444114685, 0.006751134991645813, 0.9999480843544006, -6.8368730545043945, 0.0, 0.0, 0.0, 1.0], "offset": [1.0, 0.0, 0.0, 0.0, 0.0, 1.0, 0.0, 0.0, 0.0, 0.0, 1.0, 0.0, 0.0, 0.0, 0.0, 1.0]}, {"source": "b_l_pinky2", "target": "b_l_pinky2", "rest": [-0.030172089114785194, 0.9995185732841492, -0.006952161435037851, 82.02324676513672, -0.9995205998420715, -0.030219895765185356, -0.00676919287070632, 132.9825439453125, -0.006977122277021408, 0.0067510539665818214, 0.9999480843544006, -6.8139190673828125, 0.0, 0.0, 0.0, 1.0], "offset": [1.0, 0.0, 0.0, 0.0, 0.0, 1.0, 0.0, 0.0, 0.0, 0.0, 1.0, 0.0, 0.0, 0.0, 0.0, 1.0]}, {"source": "b_l_pinky3", "target": "b_l_pinky3", "rest": [-0.030179446563124657, 0.9995183348655701, -0.006952284369617701, 84.12223815917969, -0.9995203614234924, -0.03022725321352482, -0.006769262719899416, 132.91908264160156, -0.006977245677262545, 0.006751123815774918, 0.9999480843544006, -6.799741744995117, 0.0, 0.0, 0.0, 1.0], "offset": [1.0, 0.0, 0.0, 0.0, 0.0, 1.0, 0.0, 0.0, 0.0, 0.0, 1.0, 0.0, 0.0, 0.0, 0.0, 1.0]}, {"source": "b_l_thumb0", "target": "b_l_thumb0", "rest": [0.5477063655853271, 0.34019508957862854, -0.7643828392028809, 72.6099853515625, -0.340182900428772, -0.744129478931427, -0.5749328136444092, 134.03370666503906, -0.7643834948539734, 0.5749243497848511, -0.29184043407440186, -2.038790464401245, 0.0, 0.0, 0.0, 1.0], "offset": [1.0, 0.0, 0.0, 0.0, 0.0, 1.0, 0.0, 0.0, 0.0, 0.0, 1.0, 0.0, 0.0, 0.0, 0.0, 1.0]}, {"source": "b_l_thumb1", "target": "b_l_thumb1", "rest": [-0.047904133796691895, 0.9260765314102173, -0.3742772936820984, 73.59654998779297, -0.926071047782898, -0.1815919280052185, -0.33078309893608093, 131.875732421875, -0.37429606914520264, 0.3307664394378662, 0.8663065433502197, -0.3715115785598755, 0.0, 0.0, 0.0, 1.0], "offset": [1.0, 0.0, 0.0, 0.0, 0.0, 1.0, 0.0, 0.0, 0.0, 0.0, 1.0, 0.0, 0.0, 0.0, 0.0, 1.0]}, {"source": "b_l_thumb2", "target": "b_l_thumb2", "rest": [-0.035924963653087616, 0.9972896575927734, -0.06417664885520935, 77.76390075683594, -0.9972905516624451, -0.03990299999713898, -0.0618051141500473, 131.05856323242188, -0.06419917941093445, 0.061788707971572876, 0.9960178136825562, 1.116939902305603, 0.0, 0.0, 0.0, 1.0], "offset": [1.0, 0.0, 0.0, 0.0, 0.0, 1.0, 0.0, 0.0, 0.0, 0.0, 1.0, 0.0, 0.0, 0.0, 0.0, 1.0]}, {"source": "b_l_thumb3", "target": "b_l_thumb3", "rest": [-0.0359223298728466, 0.997289776802063, -0.06417650729417801, 81.55360412597656, -0.9972905516624451, -0.039900459349155426, -0.06180677190423012, 130.9069366455078, -0.06420066952705383, 0.06178867071866989, 0.9960176944732666, 1.351737141609192, 0.0, 0.0, 0.0, 1.0], "offset": [1.0, 0.0, 0.0, 0.0, 0.0, 1.0, 0.0, 0.0, 0.0, 0.0, 1.0, 0.0, 0.0, 0.0, 0.0, 1.0]}, {"source": "b_r_upleg", "target": "b_r_upleg", "rest": [1.0, 0.0, 0.0, -8.699999809265137, 0.0, -0.9999753832817078, -0.00702059268951416, 84.11885833740234, 0.0, 0.007020771503448486, -0.9999758005142212, -1.315727710723877, 0.0, 0.0, 0.0, 1.0], "offset": [1.0, 0.0, 0.0, 0.0, 0.0, 1.0, 0.0, 0.0, 0.0, 0.0, 1.0, 0.0, 0.0, 0.0, 0.0, 1.0]}, {"source": "b_r_leg", "target": "b_r_leg", "rest": [1.0, 0.0, 0.0, -8.699999809265137, 0.0, -0.9967821836471558, 0.08015966415405273, 46.81978225708008, 0.0, -0.08015952259302139, -0.9967825412750244, -1.0538530349731445, 0.0, 0.0, 0.0, 1.0], "offset": [1.0, 0.0, 0.0, 0.0, 0.0, 1.0, 0.0, 0.0, 0.0, 0.0, 1.0, 0.0, 0.0, 0.0, 0.0, 1.0]}, {"source": "b_r_foot_twist", "target": "b_r_foot_twist", "rest": [1.0, 0.0, 0.0, -8.699999809265137, 0.0, 1.0000001192092896, -1.6987323760986328e-05, 6.948493957519531, 0.0, 1.7426908016204834e-05, 0.9999930262565613, -4.2602338790893555, 0.0, 0.0, 0.0, 1.0], "offset": [1.0, 0.0, 0.0, 0.0, 0.0, 1.0, 0.0, 0.0, 0.0, 0.0, 1.0, 0.0, 0.0, 0.0, 0.0, 1.0]}, {"source": "b_r_foot", "target": "b_r_foot", "rest": [0.9999582171440125, 0.0051847901195287704, -0.007531570270657539, -8.699999809265137, -0.005184696055948734, -0.35696467757225037, -0.9341036081314087, 6.948493003845215, -0.007531584706157446, 0.9340968728065491, -0.3569207787513733, -4.2602338790893555, 0.0, 0.0, 0.0, 1.0], "offset": [1.0, 0.0, 0.0, 0.0, 0.0, 1.0, 0.0, 0.0, 0.0, 0.0, 1.0, 0.0, 0.0, 0.0, 0.0, 1.0]}, {"source": "b_l_upleg", "target": "b_l_upleg", "rest": [1.0, 0.0, 0.0, 8.699999809265137, 0.0, -0.9999753832817078, -0.00702059268951416, 84.11885833740234, 0.0, 0.007020771503448486, -0.9999758005142212, -1.315727710723877, 0.0, 0.0, 0.0, 1.0], "offset": [1.0, 0.0, 0.0, 0.0, 0.0, 1.0, 0.0, 0.0, 0.0, 0.0, 1.0, 0.0, 0.0, 0.0, 0.0, 1.0]}, {"source": "b_l_leg", "target": "b_l_leg", "rest": [1.0, 0.0, 0.0, 8.699999809265137, 0.0, -0.9967821836471558, 0.08015966415405273, 46.81978225708008, 0.0, -0.08015952259302139, -0.9967825412750244, -1.0538530349731445, 0.0, 0.0, 0.0, 1.0], "offset": [1.0, 0.0, 0.0, 0.0, 0.0, 1.0, 0.0, 0.0, 0.0, 0.0, 1.0, 0.0, 0.0, 0.0, 0.0, 1.0]}, {"source": "b_l_foot_twist", "target": "b_l_foot_twist", "rest": [1.0, 0.0, 0.0, 8.699999809265137, 0.0, 1.0000001192092896, -1.6987323760986328e-05, 6.948493957519531, 0.0, 1.7426908016204834e-05, 0.9999930262565613, -4.2602338790893555, 0.0, 0.0, 0.0, 1.0], "offset": [1.0, 0.0, 0.0, 0.0, 0.0, 1.0, 0.0, 0.0, 0.0, 0.0, 1.0, 0.0, 0.0, 0.0, 0.0, 1.0]}, {"source": "b_l_foot", "target": "b_l_foot", "rest": [0.9999949336051941, -0.001799916266463697, 0.0026160338893532753, 8.699999809265137, 0.0017998837865889072, -0.3574284315109253, -0.9339388608932495, 6.948493003845215, 0.0026160390116274357, 0.9339321255683899, -0.35742121934890747, -4.2602338790893555, 0.0, 0.0, 0.0, 1.0], "offset": [1.0, 0.0, 0.0, 0.0, 0.0, 1.0, 0.0, 0.0, 0.0, 0.0, 1.0, 0.0, 0.0, 0.0, 0.0, 1.0]}], "ik_limbs": [{"name": "left-foot", "enabled": false, "target_bone": "", "origin_bone": "", "control_transform": [1.0, 0.0, 0.0, 0.0, 0.0, 1.0, 0.0, 0.0, 0.0, 0.0, 1.0, 0.0, 0.0, 0.0, 0.0, 1.0]}, {"name": "right-foot", "enabled": false, "target_bone": "", "origin_bone": "", "control_transform": [1.0, 0.0, 0.0, 0.0, 0.0, 1.0, 0.0, 0.0, 0.0, 0.0, 1.0, 0.0, 0.0, 0.0, 0.0, 1.0]}, {"name": "left-hand", "enabled": false, "target_bone": "BVH:b_l_arm", "origin_bone": "BVH:p_l_scap", "control_transform": [0.9999983310699463, 0.0, 0.0, 0.0, 0.0, 0.9999983310699463, -3.979039320256561e-13, -4.76837158203125e-06, 0.0, 3.979039320256561e-13, 0.9999983310699463, -0.00019782791787292808, 0.0, 0.0, 0.0, 0.9999999403953552]}, {"name": "right-hand", "enabled": false, "target_bone": "", "origin_bone": "", "control_transform": [0.9999997019767761, 0.0, 0.0, 5.7220458984375e-06, 0.0, 0.9999997019767761, -8.526512829121202e-14, -7.152557373046875e-07, 0.0, 8.526512829121202e-14, 0.9999997019767761, -6.049831790733151e-05, 0.0, 0.0, 0.0, 0.9999999403953552]}], "correct_feet": false, "correct_hands": false}